-5 -1 32 0 1
-2
-5 -1 32 1 2
-1 0 31
-3
-1 1 31
-2
-1 2 31
-3
-1 3 31
-2
-1 4 31
-3
-2
-4 4 31 2
-3
-1 5 31
-2
-1 6 31
-3
-1 7 31
-2
-1 8 31
-3
-2
-4 8 31 2
-3
-1 9 31
-2
-1 10 31
-3
-1 11 31
-2
-1 12 31
-3
-2
-4 12 31 2
-3
-1 13 31
-2
-1 14 31
-3
-1 15 31
-2
-1 16 31
-3
-2
-4 16 31 2
-3
-1 17 31
-2
-1 18 31
-3
-1 19 31
-2
-1 20 31
-3
-2
-4 20 31 2
-3
-1 21 31
-2
-1 22 31
-3
-1 23 31
-2
-1 24 31
-3
-2
-4 24 31 2
-3
-1 25 31
-2
-1 26 31
-3
-1 27 31
-2
-1 28 31
-3
-2
-4 28 31 2
-3
-1 29 31
-2
-1 30 31
-3
-1 31 31
-2
-1 32 31
-3
-2
-4 32 31 2
-3
-1 33 31
-2
-1 34 31
-3
-1 35 31
-2
-1 36 31
-3
-2
-4 36 31 2
-3
-1 37 31
-2
-1 38 31
-3
-1 39 31
-2
-1 0 30
-3
-2
-4 0 30 2
-3
-1 1 30
-2
-1 2 30
-3
-1 3 30
-2
-1 4 30
-3
-2
-4 4 30 2
-3
-1 5 30
-2
-1 6 30
-3
-1 7 30
-2
-1 8 30
-3
-2
-4 8 30 2
-3
-1 9 30
-2
-1 10 30
-3
-1 11 30
-2
-1 12 30
-3
-2
-4 12 30 2
-3
-1 13 30
-2
-1 14 30
-3
-1 15 30
-2
-1 16 30
-3
-2
-4 16 30 2
-3
-1 17 30
-2
-1 18 30
-3
-1 19 30
-2
-1 20 30
-3
-2
-4 20 30 2
-3
-1 21 30
-2
-1 22 30
-3
-1 23 30
-2
-1 24 30
-3
-2
-4 24 30 2
-3
-1 25 30
-2
-1 26 30
-3
-1 27 30
-2
-1 28 30
-3
-2
-4 28 30 2
-3
-1 29 30
-2
-1 30 30
-3
-1 31 30
-2
-1 32 30
-3
-2
-4 32 30 2
-3
-1 33 30
-2
-1 34 30
-3
-1 35 30
-2
-1 36 30
-3
-2
-4 36 30 2
-3
-1 37 30
-2
-1 38 30
-3
-1 39 30
-2
-1 0 29
-3
-2
-4 0 29 2
-3
-1 1 29
-2
-1 2 29
-3
-1 3 29
-2
-1 4 29
-3
-2
-4 4 29 2
-3
-1 5 29
-2
-1 6 29
-3
-1 7 29
-2
-1 8 29
-3
-2
-4 8 29 2
-3
-1 9 29
-2
-1 10 29
-3
-1 11 29
-2
-1 12 29
-3
-2
-4 12 29 2
-3
-1 13 29
-2
-1 14 29
-3
-1 15 29
-2
-1 16 29
-3
-2
-4 16 29 2
-3
-1 17 29
-2
-1 18 29
-3
-1 19 29
-2
-1 20 29
-3
-2
-4 20 29 2
-3
-1 21 29
-2
-1 22 29
-3
-1 23 29
-2
-1 24 29
-3
-2
-4 24 29 2
-3
-1 25 29
-2
-1 26 29
-3
-1 27 29
-2
-1 28 29
-3
-2
-4 28 29 2
-3
-1 29 29
-2
-1 30 29
-3
-1 31 29
-2
-1 32 29
-3
-2
-4 32 29 2
-3
-1 33 29
-2
-1 34 29
-3
-1 35 29
-2
-1 36 29
-3
-2
-4 36 29 2
-3
-1 37 29
-2
-1 38 29
-3
-1 39 29
-2
-1 0 28
-3
-2
-4 0 28 2
-3
-1 1 28
-2
-1 2 28
-3
-1 3 28
-2
-1 4 28
-3
-2
-4 4 28 2
-3
-1 5 28
-2
-1 6 28
-3
-1 7 28
-2
-1 8 28
-3
-2
-4 8 28 2
-3
-1 9 28
-2
-1 10 28
-3
-1 11 28
-2
-1 12 28
-3
-2
-4 12 28 2
-3
-1 13 28
-2
-1 14 28
-3
-1 15 28
-2
-1 16 28
-3
-2
-4 16 28 2
-3
-1 17 28
-2
-1 18 28
-3
-1 19 28
-2
-1 20 28
-3
-2
-4 20 28 2
-3
-1 21 28
-2
-1 22 28
-3
-1 23 28
-2
-1 24 28
-3
-2
-4 24 28 2
-3
-1 25 28
-2
-1 26 28
-3
-1 27 28
-2
-1 28 28
-3
-2
-4 28 28 2
-3
-1 29 28
-2
-1 30 28
-3
-1 31 28
-2
-1 32 28
-3
-2
-4 32 28 2
-3
-1 33 28
-2
-1 34 28
-3
-1 35 28
-2
-1 36 28
-3
-2
-4 36 28 2
-3
-1 37 28
-2
-1 38 28
-3
-1 39 28
-2
-1 0 27
-3
-2
-4 0 27 2
-3
-1 1 27
-2
-1 2 27
-3
-1 3 27
-2
-1 4 27
-3
-2
-4 4 27 2
-3
-1 5 27
-2
-1 6 27
-3
-1 7 27
-2
-1 8 27
-3
-2
-4 8 27 2
-3
-1 9 27
-2
-1 10 27
-3
-1 11 27
-2
-1 12 27
-3
-2
-4 12 27 2
-3
-1 13 27
-2
-1 14 27
-3
-1 15 27
-2
-1 16 27
-3
-2
-4 16 27 2
-3
-1 17 27
-2
-1 18 27
-3
-1 19 27
-2
-1 20 27
-3
-2
-4 20 27 2
-3
-1 21 27
-2
-1 22 27
-3
-1 23 27
-2
-1 24 27
-3
-2
-4 24 27 2
-3
-1 25 27
-2
-1 26 27
-3
-1 27 27
-2
-1 28 27
-3
-2
-4 28 27 2
-3
-1 29 27
-2
-1 30 27
-3
-1 31 27
-2
-1 32 27
-3
-2
-4 32 27 2
-3
-1 33 27
-2
-1 34 27
-3
-1 35 27
-2
-1 36 27
-3
-2
-4 36 27 2
-3
-1 37 27
-2
-1 38 27
-3
-1 39 27
-2
-1 0 26
-3
-2
-4 0 26 2
-3
-1 1 26
-2
-1 2 26
-3
-1 3 26
-2
-1 4 26
-3
-2
-4 4 26 2
-3
-1 5 26
-2
-1 6 26
-3
-1 7 26
-2
-1 8 26
-3
-2
-4 8 26 2
-3
-1 9 26
-2
-1 10 26
-3
-1 11 26
-2
-1 12 26
-3
-2
-4 12 26 2
-3
-1 13 26
-2
-1 14 26
-3
-1 15 26
-2
-1 16 26
-3
-2
-4 16 26 2
-3
-1 17 26
-2
-1 18 26
-3
-1 19 26
-2
-1 20 26
-3
-2
-4 20 26 2
-3
-1 21 26
-2
-1 22 26
-3
-1 23 26
-2
-1 24 26
-3
-2
-4 24 26 2
-3
-1 25 26
-2
-1 26 26
-3
-1 27 26
-2
-1 28 26
-3
-2
-4 28 26 2
-3
-1 29 26
-2
-1 30 26
-3
-1 31 26
-2
-1 32 26
-3
-2
-4 32 26 2
-3
-1 33 26
-2
-1 34 26
-3
-1 35 26
-2
-1 36 26
-3
-2
-4 36 26 2
-3
-1 37 26
-2
-1 38 26
-3
-1 39 26
-2
-1 0 25
-3
-2
-4 0 25 2
-3
-1 1 25
-2
-1 2 25
-3
-1 3 25
-2
-1 4 25
-3
-2
-4 4 25 2
-3
-1 5 25
-2
-1 6 25
-3
-1 7 25
-2
-1 8 25
-3
-2
-4 8 25 2
-3
-1 9 25
-2
-1 10 25
-3
-1 11 25
-2
-1 12 25
-3
-2
-4 12 25 2
-3
-1 13 25
-2
-1 14 25
-3
-1 15 25
-2
-1 16 25
-3
-2
-4 16 25 2
-3
-1 17 25
-2
-1 18 25
-3
-1 19 25
-2
-1 20 25
-3
-2
-4 20 25 2
-3
-1 21 25
-2
-1 22 25
-3
-1 23 25
-2
-1 24 25
-3
-2
-4 24 25 2
-3
-1 25 25
-2
-1 26 25
-3
-1 27 25
-2
-1 28 25
-3
-2
-4 28 25 2
-3
-1 29 25
-2
-1 30 25
-3
-1 31 25
-2
-1 32 25
-3
-2
-4 32 25 2
-3
-1 33 25
-2
-1 34 25
-3
-1 35 25
-2
-1 36 25
-3
-2
-4 36 25 2
-3
-1 37 25
-2
-1 38 25
-3
-1 39 25
-2
-1 0 24
-3
-2
-4 0 24 2
-3
-1 1 24
-2
-1 2 24
-3
-1 3 24
-2
-1 4 24
-3
-2
-4 4 24 2
-3
-1 5 24
-2
-1 6 24
-3
-1 7 24
-2
-1 8 24
-3
-2
-4 8 24 2
-3
-1 9 24
-2
-1 10 24
-3
-1 11 24
-2
-1 12 24
-3
-2
-4 12 24 2
-3
-1 13 24
-2
-1 14 24
-3
-1 15 24
-2
-1 16 24
-3
-2
-4 16 24 2
-3
-1 17 24
-2
-1 18 24
-3
-1 19 24
-2
-1 20 24
-3
-2
-4 20 24 2
-3
-1 21 24
-2
-1 22 24
-3
-1 23 24
-2
-1 24 24
-3
-2
-4 24 24 2
-3
-1 25 24
-2
-1 26 24
-3
-1 27 24
-2
-1 28 24
-3
-2
-4 28 24 2
-3
-1 29 24
-2
-1 30 24
-3
-1 31 24
-2
-1 32 24
-3
-2
-4 32 24 2
-3
-1 33 24
-2
-1 34 24
-3
-1 35 24
-2
-1 36 24
-3
-2
-4 36 24 2
-3
-1 37 24
-2
-1 38 24
-3
-1 39 24
-2
-1 0 23
-3
-2
-4 0 23 2
-3
-1 1 23
-2
-1 2 23
-3
-1 3 23
-2
-1 4 23
-3
-2
-4 4 23 2
-3
-1 5 23
-2
-1 6 23
-3
-1 7 23
-2
-1 8 23
-3
-2
-4 8 23 2
-3
-1 9 23
-2
-1 10 23
-3
-1 11 23
-2
-1 12 23
-3
-2
-4 12 23 2
-3
-1 13 23
-2
-1 14 23
-3
-1 15 23
-2
-1 16 23
-3
-2
-4 16 23 2
-3
-1 17 23
-2
-1 18 23
-3
-1 19 23
-2
-1 20 23
-3
-2
-4 20 23 2
-3
-1 21 23
-2
-1 22 23
-3
-1 23 23
-2
-1 24 23
-3
-2
-4 24 23 2
-3
-1 25 23
-2
-1 26 23
-3
-1 27 23
-2
-1 28 23
-3
-2
-4 28 23 2
-3
-1 29 23
-2
-1 30 23
-3
-1 31 23
-2
-1 32 23
-3
-2
-4 32 23 2
-3
-1 33 23
-2
-1 34 23
-3
-1 35 23
-2
-1 36 23
-3
-2
-4 36 23 2
-3
-1 37 23
-2
-1 38 23
-3
-1 39 23
-2
-1 0 22
-3
-2
-4 0 22 2
-3
-1 1 22
-2
-1 2 22
-3
-1 3 22
-2
-1 4 22
-3
-2
-4 4 22 2
-3
-1 5 22
-2
-1 6 22
-3
-1 7 22
-2
-1 8 22
-3
-2
-4 8 22 2
-3
-1 9 22
-2
-1 10 22
-3
-1 11 22
-2
-1 12 22
-3
-2
-4 12 22 2
-3
-1 13 22
-2
-1 14 22
-3
-1 15 22
-2
-1 16 22
-3
-2
-4 16 22 2
-3
-1 17 22
-2
-1 18 22
-3
-1 19 22
-2
-1 20 22
-3
-2
-4 20 22 2
-3
-1 21 22
-2
-1 22 22
-3
-1 23 22
-2
-1 24 22
-3
-2
-4 24 22 2
-3
-1 25 22
-2
-1 26 22
-3
-1 27 22
-2
-1 28 22
-3
-2
-4 28 22 2
-3
-1 29 22
-2
-1 30 22
-3
-1 31 22
-2
-1 32 22
-3
-2
-4 32 22 2
-3
-1 33 22
-2
-1 34 22
-3
-1 35 22
-2
-1 36 22
-3
-2
-4 36 22 2
-3
-1 37 22
-2
-1 38 22
-3
-1 39 22
-2
-1 0 21
-3
-2
-4 0 21 2
-3
-1 1 21
-2
-1 2 21
-3
-1 3 21
-2
-1 4 21
-3
-2
-4 4 21 2
-3
-1 5 21
-2
-1 6 21
-3
-1 7 21
-2
-1 8 21
-3
-2
-4 8 21 2
-3
-1 9 21
-2
-1 10 21
-3
-1 11 21
-2
-1 12 21
-3
-2
-4 12 21 2
-3
-1 13 21
-2
-1 14 21
-3
-1 15 21
-2
-1 16 21
-3
-2
-4 16 21 2
-3
-1 17 21
-2
-1 18 21
-3
-1 19 21
-2
-1 20 21
-3
-2
-4 20 21 2
-3
-1 21 21
-2
-1 22 21
-3
-1 23 21
-2
-1 24 21
-3
-2
-4 24 21 2
-3
-1 25 21
-2
-1 26 21
-3
-1 27 21
-2
-1 28 21
-3
-2
-4 28 21 2
-3
-1 29 21
-2
-1 30 21
-3
-1 31 21
-2
-1 32 21
-3
-2
-4 32 21 2
-3
-1 33 21
-2
-1 34 21
-3
-1 35 21
-2
-1 36 21
-3
-2
-4 36 21 2
-3
-1 37 21
-2
-1 38 21
-3
-1 39 21
-2
-5 39 21 2 3
-2
-5 39 21 3 4
-1 0 20
-3
-1 1 20
-2
-1 2 20
-3
-1 3 20
-2
-1 4 20
-3
-2
-4 4 20 4
-3
-1 5 20
-2
-1 6 20
-3
-1 7 20
-2
-1 8 20
-3
-2
-4 8 20 4
-3
-1 9 20
-2
-1 10 20
-3
-1 11 20
-2
-1 12 20
-3
-2
-4 12 20 4
-3
-1 13 20
-2
-1 14 20
-3
-1 15 20
-2
-1 16 20
-3
-2
-4 16 20 4
-3
-1 17 20
-2
-1 18 20
-3
-1 19 20
-2
-1 20 20
-3
-2
-4 20 20 4
-3
-1 21 20
-2
-1 22 20
-3
-1 23 20
-2
-1 24 20
-3
-2
-4 24 20 4
-3
-1 25 20
-2
-1 26 20
-3
-1 27 20
-2
-1 28 20
-3
-2
-4 28 20 4
-3
-1 29 20
-2
-1 30 20
-3
-1 31 20
-2
-1 32 20
-3
-2
-4 32 20 4
-3
-1 33 20
-2
-1 34 20
-3
-1 35 20
-2
-1 36 20
-3
-2
-4 36 20 4
-3
-1 37 20
-2
-1 38 20
-3
-1 39 20
-2
-1 0 19
-3
-2
-4 0 19 4
-3
-1 1 19
-2
-1 2 19
-3
-1 3 19
-2
-1 4 19
-3
-2
-4 4 19 4
-3
-1 5 19
-2
-1 6 19
-3
-1 7 19
-2
-1 8 19
-3
-2
-4 8 19 4
-3
-1 9 19
-2
-1 10 19
-3
-1 11 19
-2
-1 12 19
-3
-2
-4 12 19 4
-3
-1 13 19
-2
-1 14 19
-3
-1 15 19
-2
-1 16 19
-3
-2
-4 16 19 4
-3
-1 17 19
-2
-1 18 19
-3
-1 19 19
-2
-1 20 19
-3
-2
-4 20 19 4
-3
-1 21 19
-2
-1 22 19
-3
-1 23 19
-2
-1 24 19
-3
-2
-4 24 19 4
-3
-1 25 19
-2
-1 26 19
-3
-1 27 19
-2
-1 28 19
-3
-2
-4 28 19 4
-3
-1 29 19
-2
-1 30 19
-3
-1 31 19
-2
-1 32 19
-3
-2
-4 32 19 4
-3
-1 33 19
-2
-1 34 19
-3
-1 35 19
-2
-1 36 19
-3
-2
-4 36 19 4
-3
-1 37 19
-2
-1 38 19
-3
-1 39 19
-2
-1 0 18
-3
-2
-4 0 18 4
-3
-1 1 18
-2
-1 2 18
-3
-1 3 18
-2
-1 4 18
-3
-2
-4 4 18 4
-3
-1 5 18
-2
-1 6 18
-3
-1 7 18
-2
-1 8 18
-3
-2
-4 8 18 4
-3
-1 9 18
-2
-1 10 18
-3
-1 11 18
-2
-1 12 18
-3
-2
-4 12 18 4
-3
-1 13 18
-2
-1 14 18
-3
-1 15 18
-2
-1 16 18
-3
-2
-4 16 18 4
-3
-1 17 18
-2
-1 18 18
-3
-1 19 18
-2
-1 20 18
-3
-2
-4 20 18 4
-3
-1 21 18
-2
-1 22 18
-3
-1 23 18
-2
-1 24 18
-3
-2
-4 24 18 4
-3
-1 25 18
-2
-1 26 18
-3
-1 27 18
-2
-1 28 18
-3
-2
-4 28 18 4
-3
-1 29 18
-2
-1 30 18
-3
-1 31 18
-2
-1 32 18
-3
-2
-4 32 18 4
-3
-1 33 18
-2
-1 34 18
-3
-1 35 18
-2
-1 36 18
-3
-2
-4 36 18 4
-3
-1 37 18
-2
-1 38 18
-3
-1 39 18
-2
-1 0 17
-3
-2
-4 0 17 4
-3
-1 1 17
-2
-1 2 17
-3
-1 3 17
-2
-1 4 17
-3
-2
-4 4 17 4
-3
-1 5 17
-2
-1 6 17
-3
-1 7 17
-2
-1 8 17
-3
-2
-4 8 17 4
-3
-1 9 17
-2
-1 10 17
-3
-1 11 17
-2
-1 12 17
-3
-2
-4 12 17 4
-3
-1 13 17
-2
-1 14 17
-3
-1 15 17
-2
-1 16 17
-3
-2
-4 16 17 4
-3
-1 17 17
-2
-1 18 17
-3
-1 19 17
-2
-1 20 17
-3
-2
-4 20 17 4
-3
-1 21 17
-2
-1 22 17
-3
-1 23 17
-2
-1 24 17
-3
-2
-4 24 17 4
-3
-1 25 17
-2
-1 26 17
-3
-1 27 17
-2
-1 28 17
-3
-2
-4 28 17 4
-3
-1 29 17
-2
-1 30 17
-3
-1 31 17
-2
-1 32 17
-3
-2
-4 32 17 4
-3
-1 33 17
-2
-1 34 17
-3
-1 35 17
-2
-1 36 17
-3
-2
-4 36 17 4
-3
-1 37 17
-2
-1 38 17
-3
-1 39 17
-2
-1 0 16
-3
-2
-4 0 16 4
-3
-1 1 16
-2
-1 2 16
-3
-1 3 16
-2
-1 4 16
-3
-2
-4 4 16 4
-3
-1 5 16
-2
-1 6 16
-3
-1 7 16
-2
-1 8 16
-3
-2
-4 8 16 4
-3
-1 9 16
-2
-1 10 16
-3
-1 11 16
-2
-1 12 16
-3
-2
-4 12 16 4
-3
-1 13 16
-2
-1 14 16
-3
-1 15 16
-2
-1 16 16
-3
-2
-4 16 16 4
-3
-1 17 16
-2
-1 18 16
-3
-1 19 16
-2
-1 20 16
-3
-2
-4 20 16 4
-3
-1 21 16
-2
-1 22 16
-3
-1 23 16
-2
-1 24 16
-3
-2
-4 24 16 4
-3
-1 25 16
-2
-1 26 16
-3
-1 27 16
-2
-1 28 16
-3
-2
-4 28 16 4
-3
-1 29 16
-2
-1 30 16
-3
-1 31 16
-2
-1 32 16
-3
-2
-4 32 16 4
-3
-1 33 16
-2
-1 34 16
-3
-1 35 16
-2
-1 36 16
-3
-2
-4 36 16 4
-3
-1 37 16
-2
-1 38 16
-3
-1 39 16
-2
-1 0 15
-3
-2
-4 0 15 4
-3
-1 1 15
-2
-1 2 15
-3
-1 3 15
-2
-1 4 15
-3
-2
-4 4 15 4
-3
-1 5 15
-2
-1 6 15
-3
-1 7 15
-2
-1 8 15
-3
-2
-4 8 15 4
-3
-1 9 15
-2
-1 10 15
-3
-1 11 15
-2
-1 12 15
-3
-2
-4 12 15 4
-3
-1 13 15
-2
-1 14 15
-3
-1 15 15
-2
-1 16 15
-3
-2
-4 16 15 4
-3
-1 17 15
-2
-1 18 15
-3
-1 19 15
-2
-1 20 15
-3
-2
-4 20 15 4
-3
-1 21 15
-2
-1 22 15
-3
-1 23 15
-2
-1 24 15
-3
-2
-4 24 15 4
-3
-1 25 15
-2
-1 26 15
-3
-1 27 15
-2
-1 28 15
-3
-2
-4 28 15 4
-3
-1 29 15
-2
-1 30 15
-3
-1 31 15
-2
-1 32 15
-3
-2
-4 32 15 4
-3
-1 33 15
-2
-1 34 15
-3
-1 35 15
-2
-1 36 15
-3
-2
-4 36 15 4
-3
-1 37 15
-2
-1 38 15
-3
-1 39 15
-2
-1 0 14
-3
-2
-4 0 14 4
-3
-1 1 14
-2
-1 2 14
-3
-1 3 14
-2
-1 4 14
-3
-2
-4 4 14 4
-3
-1 5 14
-2
-1 6 14
-3
-1 7 14
-2
-1 8 14
-3
-2
-4 8 14 4
-3
-1 9 14
-2
-1 10 14
-3
-1 11 14
-2
-1 12 14
-3
-2
-4 12 14 4
-3
-1 13 14
-2
-1 14 14
-3
-1 15 14
-2
-1 16 14
-3
-2
-4 16 14 4
-3
-1 17 14
-2
-1 18 14
-3
-1 19 14
-2
-1 20 14
-3
-2
-4 20 14 4
-3
-1 21 14
-2
-1 22 14
-3
-1 23 14
-2
-1 24 14
-3
-2
-4 24 14 4
-3
-1 25 14
-2
-1 26 14
-3
-1 27 14
-2
-1 28 14
-3
-2
-4 28 14 4
-3
-1 29 14
-2
-1 30 14
-3
-1 31 14
-2
-1 32 14
-3
-2
-4 32 14 4
-3
-1 33 14
-2
-1 34 14
-3
-1 35 14
-2
-1 36 14
-3
-2
-4 36 14 4
-3
-1 37 14
-2
-1 38 14
-3
-1 39 14
-2
-1 0 13
-3
-2
-4 0 13 4
-3
-1 1 13
-2
-1 2 13
-3
-1 3 13
-2
-1 4 13
-3
-2
-4 4 13 4
-3
-1 5 13
-2
-1 6 13
-3
-1 7 13
-2
-1 8 13
-3
-2
-4 8 13 4
-3
-1 9 13
-2
-1 10 13
-3
-1 11 13
-2
-1 12 13
-3
-2
-4 12 13 4
-3
-1 13 13
-2
-1 14 13
-3
-1 15 13
-2
-1 16 13
-3
-2
-4 16 13 4
-3
-1 17 13
-2
-1 18 13
-3
-1 19 13
-2
-1 20 13
-3
-2
-4 20 13 4
-3
-1 21 13
-2
-1 22 13
-3
-1 23 13
-2
-1 24 13
-3
-2
-4 24 13 4
-3
-1 25 13
-2
-1 26 13
-3
-1 27 13
-2
-1 28 13
-3
-2
-4 28 13 4
-3
-1 29 13
-2
-1 30 13
-3
-1 31 13
-2
-1 32 13
-3
-2
-4 32 13 4
-3
-1 33 13
-2
-1 34 13
-3
-1 35 13
-2
-1 36 13
-3
-2
-4 36 13 4
-3
-1 37 13
-2
-1 38 13
-3
-1 39 13
-2
-1 0 12
-3
-2
-4 0 12 4
-3
-1 1 12
-2
-1 2 12
-3
-1 3 12
-2
-1 4 12
-3
-2
-4 4 12 4
-3
-1 5 12
-2
-1 6 12
-3
-1 7 12
-2
-1 8 12
-3
-2
-4 8 12 4
-3
-1 9 12
-2
-1 10 12
-3
-1 11 12
-2
-1 12 12
-3
-2
-4 12 12 4
-3
-1 13 12
-2
-1 14 12
-3
-1 15 12
-2
-1 16 12
-3
-2
-4 16 12 4
-3
-1 17 12
-2
-1 18 12
-3
-1 19 12
-2
-1 20 12
-3
-2
-4 20 12 4
-3
-1 21 12
-2
-1 22 12
-3
-1 23 12
-2
-1 24 12
-3
-2
-4 24 12 4
-3
-1 25 12
-2
-1 26 12
-3
-1 27 12
-2
-1 28 12
-3
-2
-4 28 12 4
-3
-1 29 12
-2
-1 30 12
-3
-1 31 12
-2
-1 32 12
-3
-2
-4 32 12 4
-3
-1 33 12
-2
-1 34 12
-3
-1 35 12
-2
-1 36 12
-3
-2
-4 36 12 4
-3
-1 37 12
-2
-1 38 12
-3
-1 39 12
-2
-1 0 11
-3
-2
-4 0 11 4
-3
-1 1 11
-2
-1 2 11
-3
-1 3 11
-2
-1 4 11
-3
-2
-4 4 11 4
-3
-1 5 11
-2
-1 6 11
-3
-1 7 11
-2
-1 8 11
-3
-2
-4 8 11 4
-3
-1 9 11
-2
-1 10 11
-3
-1 11 11
-2
-1 12 11
-3
-2
-4 12 11 4
-3
-1 13 11
-2
-1 14 11
-3
-1 15 11
-2
-1 16 11
-3
-2
-4 16 11 4
-3
-1 17 11
-2
-1 18 11
-3
-1 19 11
-2
-1 20 11
-3
-2
-4 20 11 4
-3
-1 21 11
-2
-1 22 11
-3
-1 23 11
-2
-1 24 11
-3
-2
-4 24 11 4
-3
-1 25 11
-2
-1 26 11
-3
-1 27 11
-2
-1 28 11
-3
-2
-4 28 11 4
-3
-1 29 11
-2
-1 30 11
-3
-1 31 11
-2
-1 32 11
-3
-2
-4 32 11 4
-3
-1 33 11
-2
-1 34 11
-3
-1 35 11
-2
-1 36 11
-3
-2
-4 36 11 4
-3
-1 37 11
-2
-1 38 11
-3
-1 39 11
-2
-1 0 10
-3
-2
-4 0 10 4
-3
-1 1 10
-2
-1 2 10
-3
-1 3 10
-2
-1 4 10
-3
-2
-4 4 10 4
-3
-1 5 10
-2
-1 6 10
-3
-1 7 10
-2
-1 8 10
-3
-2
-4 8 10 4
-3
-1 9 10
-2
-1 10 10
-3
-1 11 10
-2
-1 12 10
-3
-2
-4 12 10 4
-3
-1 13 10
-2
-1 14 10
-3
-1 15 10
-2
-1 16 10
-3
-2
-4 16 10 4
-3
-1 17 10
-2
-1 18 10
-3
-1 19 10
-2
-1 20 10
-3
-2
-4 20 10 4
-3
-1 21 10
-2
-1 22 10
-3
-1 23 10
-2
-1 24 10
-3
-2
-4 24 10 4
-3
-1 25 10
-2
-1 26 10
-3
-1 27 10
-2
-1 28 10
-3
-2
-4 28 10 4
-3
-1 29 10
-2
-1 30 10
-3
-1 31 10
-2
-1 32 10
-3
-2
-4 32 10 4
-3
-1 33 10
-2
-1 34 10
-3
-1 35 10
-2
-1 36 10
-3
-2
-4 36 10 4
-3
-1 37 10
-2
-1 38 10
-3
-1 39 10
-2
-5 39 10 4 5
-2
-5 39 10 5 6
-2
-5 39 10 6 7
-1 0 9
-3
-1 1 9
-2
-1 2 9
-3
-1 3 9
-2
-1 4 9
-3
-2
-4 4 9 7
-3
-1 5 9
-2
-1 6 9
-3
-1 7 9
-2
-1 8 9
-3
-2
-4 8 9 7
-3
-1 9 9
-2
-1 10 9
-3
-1 11 9
-2
-1 12 9
-3
-2
-4 12 9 7
-3
-1 13 9
-2
-1 14 9
-3
-1 15 9
-2
-1 16 9
-3
-2
-4 16 9 7
-3
-1 17 9
-2
-1 18 9
-3
-1 19 9
-2
-1 20 9
-3
-2
-4 20 9 7
-3
-1 21 9
-2
-1 22 9
-3
-1 23 9
-2
-1 24 9
-3
-2
-4 24 9 7
-3
-1 25 9
-2
-1 26 9
-3
-1 27 9
-2
-1 28 9
-3
-2
-4 28 9 7
-3
-1 29 9
-2
-1 30 9
-3
-1 31 9
-2
-1 32 9
-3
-2
-4 32 9 7
-3
-1 33 9
-2
-1 34 9
-3
-1 35 9
-2
-1 36 9
-3
-2
-4 36 9 7
-3
-1 37 9
-2
-1 38 9
-3
-1 39 9
-2
-1 0 8
-3
-2
-4 0 8 7
-3
-1 1 8
-2
-1 2 8
-3
-1 3 8
-2
-1 4 8
-3
-2
-4 4 8 7
-3
-1 5 8
-2
-1 6 8
-3
-1 7 8
-2
-1 8 8
-3
-2
-4 8 8 7
-3
-1 9 8
-2
-1 10 8
-3
-1 11 8
-2
-1 12 8
-3
-2
-4 12 8 7
-3
-1 13 8
-2
-1 14 8
-3
-1 15 8
-2
-1 16 8
-3
-2
-4 16 8 7
-3
-1 17 8
-2
-1 18 8
-3
-1 19 8
-2
-1 20 8
-3
-2
-4 20 8 7
-3
-1 21 8
-2
-1 22 8
-3
-1 23 8
-2
-1 24 8
-3
-2
-4 24 8 7
-3
-1 25 8
-2
-1 26 8
-3
-1 27 8
-2
-1 28 8
-3
-2
-4 28 8 7
-3
-1 29 8
-2
-1 30 8
-3
-1 31 8
-2
-1 32 8
-3
-2
-4 32 8 7
-3
-1 33 8
-2
-1 34 8
-3
-1 35 8
-2
-1 36 8
-3
-2
-4 36 8 7
-3
-1 37 8
-2
-1 38 8
-3
-1 39 8
-2
-1 0 7
-3
-2
-4 0 7 7
-3
-1 1 7
-2
-1 2 7
-3
-1 3 7
-2
-1 4 7
-3
-2
-4 4 7 7
-3
-1 5 7
-2
-1 6 7
-3
-1 7 7
-2
-1 8 7
-3
-2
-4 8 7 7
-3
-1 9 7
-2
-1 10 7
-3
-1 11 7
-2
-1 12 7
-3
-2
-4 12 7 7
-3
-1 13 7
-2
-1 14 7
-3
-1 15 7
-2
-1 16 7
-3
-2
-4 16 7 7
-3
-1 17 7
-2
-1 18 7
-3
-1 19 7
-2
-1 20 7
-3
-2
-4 20 7 7
-3
-1 21 7
-2
-1 22 7
-3
-1 23 7
-2
-1 24 7
-3
-2
-4 24 7 7
-3
-1 25 7
-2
-1 26 7
-3
-1 27 7
-2
-1 28 7
-3
-2
-4 28 7 7
-3
-1 29 7
-2
-1 30 7
-3
-1 31 7
-2
-1 32 7
-3
-2
-4 32 7 7
-3
-1 33 7
-2
-1 34 7
-3
-1 35 7
-2
-1 36 7
-3
-2
-4 36 7 7
-3
-1 37 7
-2
-1 38 7
-3
-1 39 7
-2
-1 0 6
-3
-2
-4 0 6 7
-3
-1 1 6
-2
-1 2 6
-3
-1 3 6
-2
-1 4 6
-3
-2
-4 4 6 7
-3
-1 5 6
-2
-1 6 6
-3
-1 7 6
-2
-1 8 6
-3
-2
-4 8 6 7
-3
-1 9 6
-2
-1 10 6
-3
-1 11 6
-2
-1 12 6
-3
-2
-4 12 6 7
-3
-1 13 6
-2
-1 14 6
-3
-1 15 6
-2
-1 16 6
-3
-2
-4 16 6 7
-3
-1 17 6
-2
-1 18 6
-3
-1 19 6
-2
-1 20 6
-3
-2
-4 20 6 7
-3
-1 21 6
-2
-1 22 6
-3
-1 23 6
-2
-1 24 6
-3
-2
-4 24 6 7
-3
-1 25 6
-2
-1 26 6
-3
-1 27 6
-2
-1 28 6
-3
-2
-4 28 6 7
-3
-1 29 6
-2
-1 30 6
-3
-1 31 6
-2
-1 32 6
-3
-2
-4 32 6 7
-3
-1 33 6
-2
-1 34 6
-3
-1 35 6
-2
-1 36 6
-3
-2
-4 36 6 7
-3
-1 37 6
-2
-1 38 6
-3
-1 39 6
-2
-1 0 5
-3
-2
-4 0 5 7
-3
-1 1 5
-2
-1 2 5
-3
-1 3 5
-2
-1 4 5
-3
-2
-4 4 5 7
-3
-1 5 5
-2
-1 6 5
-3
-1 7 5
-2
-1 8 5
-3
-2
-4 8 5 7
-3
-1 9 5
-2
-1 10 5
-3
-1 11 5
-2
-1 12 5
-3
-2
-4 12 5 7
-3
-1 13 5
-2
-1 14 5
-3
-1 15 5
-2
-1 16 5
-3
-2
-4 16 5 7
-3
-1 17 5
-2
-1 18 5
-3
-1 19 5
-2
-1 20 5
-3
-2
-4 20 5 7
-3
-1 21 5
-2
-1 22 5
-3
-1 23 5
-2
-1 24 5
-3
-2
-4 24 5 7
-3
-1 25 5
-2
-1 26 5
-3
-1 27 5
-2
-1 28 5
-3
-2
-4 28 5 7
-3
-1 29 5
-2
-1 30 5
-3
-1 31 5
-2
-1 32 5
-3
-2
-4 32 5 7
-3
-1 33 5
-2
-1 34 5
-3
-1 35 5
-2
-1 36 5
-3
-2
-4 36 5 7
-3
-1 37 5
-2
-1 38 5
-3
-1 39 5
-2
-1 0 4
-3
-2
-4 0 4 7
-3
-1 1 4
-2
-1 2 4
-3
-1 3 4
-2
-1 4 4
-3
-2
-4 4 4 7
-3
-1 5 4
-2
-1 6 4
-3
-1 7 4
-2
-1 8 4
-3
-2
-4 8 4 7
-3
-1 9 4
-2
-1 10 4
-3
-1 11 4
-2
-1 12 4
-3
-2
-4 12 4 7
-3
-1 13 4
-2
-1 14 4
-3
-1 15 4
-2
-1 16 4
-3
-2
-4 16 4 7
-3
-1 17 4
-2
-1 18 4
-3
-1 19 4
-2
-1 20 4
-3
-2
-4 20 4 7
-3
-1 21 4
-2
-1 22 4
-3
-1 23 4
-2
-1 24 4
-3
-2
-4 24 4 7
-3
-1 25 4
-2
-1 26 4
-3
-1 27 4
-2
-1 28 4
-3
-2
-4 28 4 7
-3
-1 29 4
-2
-1 30 4
-3
-1 31 4
-2
-1 32 4
-3
-2
-4 32 4 7
-3
-1 33 4
-2
-1 34 4
-3
-1 35 4
-2
-1 36 4
-3
-2
-4 36 4 7
-3
-1 37 4
-2
-1 38 4
-3
-1 39 4
-2
-1 0 3
-3
-2
-4 0 3 7
-3
-1 1 3
-2
-1 2 3
-3
-1 3 3
-2
-1 4 3
-3
-2
-4 4 3 7
-3
-1 5 3
-2
-1 6 3
-3
-1 7 3
-2
-1 8 3
-3
-2
-4 8 3 7
-3
-1 9 3
-2
-1 10 3
-3
-1 11 3
-2
-1 12 3
-3
-2
-4 12 3 7
-3
-1 13 3
-2
-1 14 3
-3
-1 15 3
-2
-1 16 3
-3
-2
-4 16 3 7
-3
-1 17 3
-2
-1 18 3
-3
-1 19 3
-2
-1 20 3
-3
-2
-4 20 3 7
-3
-1 21 3
-2
-1 22 3
-3
-1 23 3
-2
-1 24 3
-3
-2
-4 24 3 7
-3
-1 25 3
-2
-1 26 3
-3
-1 27 3
-2
-1 28 3
-3
-2
-4 28 3 7
-3
-1 29 3
-2
-1 30 3
-3
-1 31 3
-2
-1 32 3
-3
-2
-4 32 3 7
-3
-1 33 3
-2
-1 34 3
-3
-1 35 3
-2
-1 36 3
-3
-2
-4 36 3 7
-3
-1 37 3
-2
-1 38 3
-3
-1 39 3
-2
-1 0 2
-3
-2
-4 0 2 7
-3
-1 1 2
-2
-1 2 2
-3
-1 3 2
-2
-1 4 2
-3
-2
-4 4 2 7
-3
-1 5 2
-2
-1 6 2
-3
-1 7 2
-2
-1 8 2
-3
-2
-4 8 2 7
-3
-1 9 2
-2
-1 10 2
-3
-1 11 2
-2
-1 12 2
-3
-2
-4 12 2 7
-3
-1 13 2
-2
-1 14 2
-3
-1 15 2
-2
-1 16 2
-3
-2
-4 16 2 7
-3
-1 17 2
-2
-1 18 2
-3
-1 19 2
-2
-1 20 2
-3
-2
-4 20 2 7
-3
-1 21 2
-2
-1 22 2
-3
-1 23 2
-2
-1 24 2
-3
-2
-4 24 2 7
-3
-1 25 2
-2
-1 26 2
-3
-1 27 2
-2
-1 28 2
-3
-2
-4 28 2 7
-3
-1 29 2
-2
-1 30 2
-3
-1 31 2
-2
-1 32 2
-3
-2
-4 32 2 7
-3
-1 33 2
-2
-1 34 2
-3
-1 35 2
-2
-1 36 2
-3
-2
-4 36 2 7
-3
-1 37 2
-2
-1 38 2
-3
-1 39 2
-2
-1 0 1
-3
-2
-4 0 1 7
-3
-1 1 1
-2
-1 2 1
-3
-1 3 1
-2
-1 4 1
-3
-2
-4 4 1 7
-3
-1 5 1
-2
-1 6 1
-3
-1 7 1
-2
-1 8 1
-3
-2
-4 8 1 7
-3
-1 9 1
-2
-1 10 1
-3
-1 11 1
-2
-1 12 1
-3
-2
-4 12 1 7
-3
-1 13 1
-2
-1 14 1
-3
-1 15 1
-2
-1 16 1
-3
-2
-4 16 1 7
-3
-1 17 1
-2
-1 18 1
-3
-1 19 1
-2
-1 20 1
-3
-2
-4 20 1 7
-3
-1 21 1
-2
-1 22 1
-3
-1 23 1
-2
-1 24 1
-3
-2
-4 24 1 7
-3
-1 25 1
-2
-1 26 1
-3
-1 27 1
-2
-1 28 1
-3
-2
-4 28 1 7
-3
-1 29 1
-2
-1 30 1
-3
-1 31 1
-2
-1 32 1
-3
-2
-4 32 1 7
-3
-1 33 1
-2
-1 34 1
-3
-1 35 1
-2
-1 36 1
-3
-2
-4 36 1 7
-3
-1 37 1
-2
-1 38 1
-3
-1 39 1
-2
-1 0 0
-3
-2
-4 0 0 7
-3
-1 1 0
-2
-1 2 0
-3
-1 3 0
-2
-1 4 0
-3
-2
-4 4 0 7
-3
-1 5 0
-2
-1 6 0
-3
-1 7 0
-2
-1 8 0
-3
-2
-4 8 0 7
-3
-1 9 0
-2
-1 10 0
-3
-1 11 0
-2
-1 12 0
-3
-2
-4 12 0 7
-3
-1 13 0
-2
-1 14 0
-3
-1 15 0
-2
-1 16 0
-3
-2
-4 16 0 7
-3
-1 17 0
-2
-1 18 0
-3
-1 19 0
-2
-1 20 0
-3
-2
-4 20 0 7
-3
-1 21 0
-2
-1 22 0
-3
-1 23 0
-2
-1 24 0
-3
-2
-4 24 0 7
-3
-1 25 0
-2
-1 26 0
-3
-1 27 0
-2
-1 28 0
-3
-2
-4 28 0 7
-3
-1 29 0
-2
-1 30 0
-3
-1 31 0
-2
-1 32 0
-3
-2
-4 32 0 7
-3
-1 33 0
-2
-1 34 0
-3
-1 35 0
-2
-1 36 0
-3
-2
-4 36 0 7
-3
-1 37 0
-2
-1 38 0
-3
-1 39 0
brushstrokes.txt
